|||000000000000000000000000000000
|||00000000000000000000000000000000
|||000000000000000000000000000000000
|||00000000000000000000000000000000000
|||00000000000000000000000000000000000
|||0000000__-----------__00000000000000
|||0000000000000000000000000000000000000
0000000000000_------_00000000000000000000
000000000000|00000000|00000000000000000000
0000000000000--------000000000000000000000
0000000000000000000000000000000000000000000
00000000000000000000000000000000000000000000
00000000000000000000000000000000000000000000
00000000000000000000000000000000000000000000
||000000000000000000000000000000000000000000
||000000000000000000000000000000000000000000
|||00000000000000000000000000000000000000000
|||||000000000000000000000000000000000000000
0000000000000000000000000000000000000000000
0000000000000000000000000000000000000000000
000000000000000000000000000000000000000000
000000000000000000000000000-------0000000
------00000000000----------000000000000
000000-----------00000000000000000000
0000000000000000000000000000000000000
000000000000000000000000000000000000
00000000000000000000000000000000000
0000000000000000000000000000000000
000000000000000000000000000000000
0000000000000000000000000000000
000000000000000000000000000000
000000000000000000000000
|||0000000000000000
|||0000000000000000
|||00000000000000
|||0000000
